1 3 588 54 690 228 646 258 733 475 0 21
1 4 577 87 680 260 643 292 742 509 0 21
1 5 568 157 688 379 646 389 780 660 0 21
1 6 544 188 709 491 677 457 845 683 0 21
2 1 599 59 706 240 669 277 765 513 0 21
2 2 572 104 715 316 661 356 779 618 0 21
3 2 596 61 689 237 663 274 742 487 1 21
3 3 569 87 686 288 650 325 766 565 1 21
4 0 601 105 684 255 674 302 768 504 1 21
4 1 598 92 687 254 650 255 736 482 1 21
code/frames/1/3 2 x y x y 0 x y x y 1
frames/4/3.jpg 2 746 579 525 176 1 699 459 636 466 20
frames/4/4.jpg 2 833 627 546 139 1 689 320 616 369 20
frames/4/3.jpg 2 745 544 559 96 1 711 296 638 351 21
frames/18/2.jpg 2 590 62 726 230 1 673 282 775 511 21
frames/19/8.jpg 2 598 152 694 300 2 509 366 621 532 19
frames/19/8.jpg 2 604 160 701 303 2 515 358 615 533 19
frames/96/3.jpg 2 610 155 716 323 4 458 375 595 557 19