1 2 40 1 2 46
1 3 13 1 3 22
1 4 12 1 4 18
1 4 54 1 5 1
1 5 28 1 5 33
1 6 10 1 6 14
1 7 16 1 7 23
1 8 4 1 8 14
1 8 44 1 8 52
1 9 22 1 9 26
1 10 0 1 10 8
1 10 39 1 10 46
1 11 28 1 11 40
1 12 8 1 12 16
1 12 46 1 12 57
1 14 32 1 14 39
1 15 7 1 15 15
1 15 48 1 15 53
1 16 44 1 16 55
1 17 25 1 17 33
1 18 9 1 18 17
1 18 50 1 18 57
1 19 30 1 19 43
1 20 13 1 20 20
1 21 6 1 21 16
1 21 42 1 21 53
1 22 17 1 22 27
1 22 51 1 22 59
1 23 29 1 23 40
1 24 7 1 24 16
1 24 58 1 25 7
1 25 30 1 25 39
1 26 7 1 26 17
1 26 40 1 26 50
1 27 17 1 27 26
1 27 49 1 27 59
1 29 27 1 29 40
1 30 3 1 30 11
1 30 26 1 30 36
1 30 51 1 31 2
1 31 28 1 31 39
1 31 55 1 32 1
1 32 15 1 32 23
1 32 41 1 32 50
1 34 04 1 34 13
1 34 41 1 34 51
1 35 17 1 35 30
1 35 55 1 36 4
1 36 29 1 36 36
1 37 4 1 37 18
1 38 1 38 15
1 38 28 1 38 38
1 39 01 1 39 13
1 39 28 1 39 50
1 41 48 1 42 2
1 42 26 1 42 42
1 43 54 1 44 3
1 44 32 1 44 45
1 45 1 1 45 4
1 45 18 1 45 27
1 45 47 1 45 56
1 46 13 1 46 30
1 48 45 1 48 53
1 49 38 1 49 46
1 50 13 1 50 20
1 50 49 1 51 9
1 51 36 1 51 50
1 52 15 1 52 27
1 53 16 1 53 26
1 53 56 1 54 6
1 54 21 1 54 29
1 54 44 1 55 4
1 55 22 1 55 36
1 55 55 1 56 2
1 57 9 1 57 17
1 57 53 1 58 9
1 59 57 2 00 2
2 00 29 2 00 37
2 1 2 2 1 10
2 1 38 2 1 53
2 3 36 2 3 42
2 3 59 2 4 8
2 4 44 2 4 50
2 5 3 2 5 9
2 5 24 2 5 31
2 5 49 2 5 57
2 6 57 2 7 6
2 7 32 2 7 40
2 8 17 2 8 25
2 8 53 2 9 7
2 9 34 2 9 44
2 10 11 2 10 27
2 11 59 2 12 13
2 12 35 2 12 43
2 13 9 2 13 13
2 13 42 2 13 51
2 14 18 2 14 26
2 14 52 2 14 58
2 15 53 2 16 2
2 16 30 2 16 40
2 17 62 17 19
2 17 41 2 17 51
2 18 19 2 18 28
2 18 56 2 19 11
2 20 37 2 20 44
2 21 31 2 21 38
2 22 4 2 22 14
2 22 36 2 22 43
2 23 17 2 23 26
2 24 14 2 24 22
2 25 0 2 25 5
2 25 35 2 25 40
2 26 40 2 26 49
2 27 15 2 27 33
2 27 56 2 28 6
2 28 36 2 28 44
2 30 4 2 30 14
2 30 41 2 30 49
2 31 44 2 31 53
2 32 16 2 32 27
2 32 51 2 32 57
2 33 24 2 33 30
2 33 56 2 34 11
2 34 35 2 34 43
2 35 6 2 35 17
2 46 58 2 47 2
2 47 31 2 47 36
2 48 6 2 48 13
2 48 55 2 49 2
2 49 40 2 49 50
2 50 25 2 50 30
2 51 58 2 52 2
2 52 12 2 52 21
2 52 44 2 52 50
2 53 26 2 53 33
2 53 56 2 54 3
2 54 36 2 54 51
2 56 45 2 56 55
2 59 39 2 59 43
3 0 14 3 0 18
3 0 45 3 0 49
3 1 21 3 1 27
3 1 52 3 2 4
3 3 33 3 3 38
3 4 8 3 4 15
3 4 55 3 5 3
3 5 29 3 5 34
3 6 2 3 6 9
3 6 38 3 6 47
3 8 15 3 8 29
3 8 56 3 9 2
3 9 29 3 9 39
3 10 3 3 10 10
3 10 42 3 10 53
3 11 18 3 11 23
3 12 26 3 12 35
3 13 0 3 13 9
3 13 40 3 13 46
3 13 59 3 14 8
3 14 28 3 14 35
3 14 55 3 15 2
3 16 5 3 16 10
3 16 22 3 16 32
3 17 11 3 17 17
3 17 24 3 17 34
3 17 49 3 17 54
3 18 5 3 18 13
3 19 33 3 19 42
3 19 57 3 20 7
3 20 22 3 20 27
3 20 36 3 20 42
3 20 52 3 21 3
3 21 12 3 21 21
3 22 18 3 22 30
3 22 55 3 23 0
3 23 12 3 23 20
3 24 25 3 24 32
3 24 50 3 24 58
3 25 10 3 25 17
3 26 8 3 26 18
3 26 32 3 26 41
3 26 53 3 27 2
3 27 27 3 27 34
3 27 48 3 27 55
3 28 9 3 28 18
3 29 5 3 29 13
3 29 26 3 29 34
3 29 47 3 29 52
3 30 0 3 30 11
3 30 25 3 30 31
3 30 38 3 30 46
3 31 59 3 32 13
3 32 28 3 32 36
3 33 0 3 33 9
3 33 25 3 33 32
3 33 43 3 33 55
3 34 16 3 34 20
3 35 39 3 35 50
3 36 44 3 36 52
3 37 17 3 37 25
3 37 49 3 37 58
3 38 23 3 38 32
3 39 2 3 39 6
3 39 35 3 39 44
3 40 36 3 40 46
3 41 7 3 41 21
3 41 40 3 41 52
3 43 45 3 43 50
3 44 3 3 44 8
3 44 22 3 44 33
3 45 32 3 45 42
3 45 58 3 46 1
3 46 14 3 46 21
3 46 40 3 46 46
3 46 54 3 47 2
3 47 18 3 47 33
3 48 37 3 48 41
3 49 6 3 49 16
3 49 43 3 49 55
3 51 31 3 51 38
3 52 4 3 52 10
3 52 37 3 52 44
3 53 12 3 53 20
3 54 13 3 54 24
3 54 40 3 54 48
3 56 16 3 56 25
3 56 39 3 56 48
3 56 59 3 57 7
3 57 23 3 57 31
3 58 28 3 58 42
4 0 22 4 0 29
4 0 48 4 0 54
4 1 1 4 1 8
4 1 21 4 1 30
4 1 55 4 2 2
4 3 23 4 3 28
4 4 1 4 4 10
4 5 18 4 5 23
4 5 53 4 6 3
4 6 38 4 6 48
4 9 17 4 9 25
4 11 32 4 11 40
4 12 33 4 12 41
4 13 10 4 13 20
4 15 18 4 15 27
4 16 0 4 16 8
4 16 48 4 16 58