2 46 58 2 47 2
2 47 31 2 47 36
2 48 6 2 48 13
2 48 55 2 49 2
2 49 40 2 49 50
2 50 25 2 50 30
2 51 58 2 52 2
2 52 12 2 52 21
2 52 44 2 52 50
2 53 26 2 53 33
2 53 56 2 54 3
2 54 36 2 54 51
2 56 45 2 56 55
2 59 39 2 59 43
3 0 14 3 0 18
3 0 45 3 0 49
3 1 21 3 1 27
3 1 52 3 2 4
3 3 33 3 3 38
3 4 8 3 4 15
3 4 55 3 5 3
3 5 29 3 5 34
3 6 2 3 6 9
3 6 38 3 6 47
3 8 15 3 8 29
3 8 56 3 9 2
3 9 29 3 9 39
3 10 3 3 10 10
3 10 42 3 10 53
3 11 18 3 11 23
3 12 26 3 12 35
3 13 0 3 13 9
3 13 40 3 13 46
3 13 59 3 14 8
3 14 28 3 14 35
3 14 55 3 15 2
3 16 5 3 16 10
3 16 22 3 16 32
3 17 11 3 17 17
3 17 24 3 17 34
3 17 49 3 17 54
3 18 5 3 18 13
3 19 33 3 19 42
3 19 57 3 20 7
3 20 22 3 20 27
3 20 36 3 20 42
3 20 52 3 21 3
3 21 12 3 21 21
3 22 18 3 22 30
3 22 55 3 23 0
3 23 12 3 23 20
3 24 25 3 24 32
3 24 50 3 24 58
3 25 10 3 25 17
3 26 8 3 26 18
3 26 32 3 26 41
3 26 53 3 27 2
3 27 27 3 27 34
3 27 48 3 27 55
3 28 9 3 28 18
3 29 5 3 29 13
3 29 26 3 29 34
3 29 47 3 29 52
3 30 0 3 30 11
3 30 25 3 30 31
3 30 38 3 30 46
3 31 59 3 32 13
3 32 28 3 32 36
3 33 0 3 33 9
3 33 25 3 33 32
3 33 43 3 33 55
3 34 16 3 34 20
3 35 39 3 35 50
3 36 44 3 36 52
3 37 17 3 37 25
3 37 49 3 37 58
3 38 23 3 38 32
3 39 2 3 39 6
3 39 35 3 39 44
3 40 36 3 40 46
3 41 7 3 41 21
3 41 40 3 41 52
3 43 45 3 43 50
3 44 3 3 44 8
3 44 22 3 44 33
3 45 32 3 45 42
3 45 58 3 46 1
3 46 14 3 46 21
3 46 40 3 46 46
3 46 54 3 47 2
3 47 18 3 47 33
3 48 37 3 48 41
3 49 6 3 49 16
3 49 43 3 49 55
3 51 31 3 51 38
3 52 4 3 52 10
3 52 37 3 52 44
3 53 12 3 53 20
3 54 13 3 54 24
3 54 40 3 54 48
3 56 16 3 56 25
3 56 39 3 56 48
3 56 59 3 57 7
3 57 23 3 57 31
3 58 28 3 58 42
4 0 22 4 0 29
4 0 48 4 0 54
4 1 1 4 1 8
4 1 21 4 1 30
4 1 55 4 2 2
4 3 23 4 3 28
4 4 1 4 4 10
4 5 18 4 5 23
4 5 53 4 6 3
4 6 38 4 6 48
4 9 17 4 9 25
4 11 32 4 11 40
4 12 33 4 12 41
4 13 10 4 13 20
4 15 18 4 15 27
4 16 0 4 16 8
4 16 48 4 16 58