1 3 7
2 0 4
3 2 5
4 0 4
5 3 8
6 3 6
7 2 7
8 4 8
9 4 10
10 3 7
11 4 7
12 0 3
13 2 6
14 1 8
15 3 5
16 3 8
17 0 1
18 1 4
19 1 10
20 0 4
21 0 8
22 3 8
23 0 11
24 0 5
25 2 8
26 2 6
27 0 4
28 0 4
29 0 4
30 0 5
31 2 8
32 0 6
33 0 4
34 5 10
35 0 6
36 0 4
37 0 3
38 0 5
39 3 7
40 0 3
41 1 4
42 3 4
43 0 4
44 0 3
45 2 8
46 0 3
47 0 3
48 0 2
49 0 1
50 2 6
51 0 1
52 0 5
53 0 7
54 0 9
55 1 10
56 1 6
57 2 6
58 4 7
59 0 3
60 2 6
61 0 1
62 0 5
63 0 3
64 2 7
65 0 1
66 0 3
67 1 8
68 0 7
69 0 6
70 0 8
71 0 3
72 2 12
73 2 7
74 0 3
75 0 5
76 0 3
77 0 3
78 0 2
79 1 5
80 1 11
81 2 7
82 0 4
83 0 8
84 0 6
85 2 6
86 0 5
87 0 8
88 3 6
89 0 3
90 0 2
91 3 5
92 0 7
93 0 4
94 0 5
95 0 7
96 0 4
97 0 6
98 0 9
99 0 5
100 2 6
101 0 6
102 0 4
103 0 2
104 1 5
105 0 5
106 0 8
107 3 8
108 1 4
109 0 2
110 3 9
111 0 7
112 0 1
113 1 6
114 0 3
115 4 9
116 2 7
117 3 6
118 0 2
119 3 12
120 1 7
121 0 8
122 3 8
123 1 8
124 0 2
125 2 11
126 1 6
127 0 3
128 3 6
129 0 0
130 1 6
131 0 1
132 2 9
133 1 15
134 0 10
135 0 7
136 0 6
137 1 7
138 0 7
139 0 2
140 1 4
141 0 2
142 1 3
143 0 11
144 0 3
145 2 6
146 0 5
147 0 3
148 3 7
149 1 8
150 0 9
151 0 4
152 0 3
153 0 8
154 2 6
155 1 3
156 3 6
157 2 7
158 3 5
159 0 2
160 1 4
161 0 2
162 0 3
163 1 5
164 0 0
165 2 4
166 0 2
167 0 2
168 0 5
169 0 3
170 1 3
171 1 6
172 1 6
173 1 7
174 1 4
175 0 4
176 4 5
177 0 5
178 3 7
179 1 4
180 0 3
181 2 5
182 0 4
183 0 2
184 1 3
185 0 0
186 0 1
187 2 4
188 0 1
189 2 4
190 1 1
191 2 5
192 0 4
193 2 5
194 1 4
195 0 3
196 0 3
197 2 3
198 0 2
199 3 6
200 0 2
201 0 2
202 0 2
203 1 6
204 0 3
205 0 7
206 0 1
207 3 5
208 0 4
209 0 1
210 0 8
211 1 7
212 2 5
213 2 6
214 1 3
215 3 5
216 3 6
217 0 1
218 0 4
219 0 1
220 1 3
221 1 3
222 0 7
223 3 6
224 0 13
225 0 3
226 3 6
227 0 1
228 0 1
229 0 1
230 2 10
231 2 7
232 3 6
233 0 5
234 0 1
235 1 2
236 0 3
237 0 1
238 4 9
239 0 4
240 0 8
241 0 0
242 1 5
243 0 2
244 1 5
245 1 6
246 2 8
247 1 4